1 2 2 -56
2 2 2 8
3 2 2 96
0 2 2 9
1 2 3 -56
2 2 3 8
3 2 3 98
0 2 3 10
1 2 4 -56
2 2 4 8
3 2 4 100
0 2 4 11
1 2 5 -56
2 2 5 8
3 2 5 102
0 2 5 12
1 2 6 -56
2 2 6 8
3 2 6 104
0 2 6 13
1 2 7 -56
2 2 7 8
3 2 7 106
0 2 7 14
1 3 2 -56
2 3 2 8
3 3 2 112
0 3 2 17
1 3 3 -56
2 3 3 8
3 3 3 114
0 3 3 18
1 3 4 -56
2 3 4 8
3 3 4 116
0 3 4 19
1 3 5 -56
2 3 5 8
3 3 5 118
0 3 5 20
1 3 6 -56
2 3 6 8
3 3 6 120
0 3 6 21
1 3 7 -56
2 3 7 8
3 3 7 122
0 3 7 22
1 4 2 -56
2 4 2 8
3 4 2 128
0 4 2 25
1 4 3 -56
2 4 3 8
3 4 3 130
0 4 3 26
1 4 4 -56
2 4 4 8
3 4 4 132
0 4 4 27
1 4 5 -56
2 4 5 8
3 4 5 134
0 4 5 28
1 4 6 -56
2 4 6 8
3 4 6 136
0 4 6 29
1 4 7 -56
2 4 7 8
3 4 7 138
0 4 7 30
1 5 2 -56
2 5 2 8
3 5 2 144
0 5 2 33
1 5 3 -56
2 5 3 8
3 5 3 146
0 5 3 34
1 5 4 -56
2 5 4 8
3 5 4 148
0 5 4 35
1 5 5 -56
2 5 5 8
3 5 5 150
0 5 5 36
1 5 6 -56
2 5 6 8
3 5 6 152
0 5 6 37
1 5 7 -56
2 5 7 8
3 5 7 154
0 5 7 38
1 6 2 -56
2 6 2 8
3 6 2 160
0 6 2 41
1 6 3 -56
2 6 3 8
3 6 3 162
0 6 3 42
1 6 4 -56
2 6 4 8
3 6 4 164
0 6 4 43
1 6 5 -56
2 6 5 8
3 6 5 166
0 6 5 44
1 6 6 -56
2 6 6 8
3 6 6 168
0 6 6 45
1 6 7 -56
2 6 7 8
3 6 7 170
0 6 7 46
1 7 2 -56
2 7 2 8
3 7 2 176
0 7 2 49
1 7 3 -56
2 7 3 8
3 7 3 178
0 7 3 50
1 7 4 -56
2 7 4 8
3 7 4 180
0 7 4 51
1 7 5 -56
2 7 5 8
3 7 5 182
0 7 5 52
1 7 6 -56
2 7 6 8
3 7 6 184
0 7 6 53
1 7 7 -56
2 7 7 8
3 7 7 186
0 7 7 54
