1 2 3 0
2 2 3 8
3 2 3 96
0 2 3 9
1 2 5 0
2 2 5 8
3 2 5 100
0 2 5 11
1 2 6 0
2 2 6 8
3 2 6 104
0 2 6 13
1 3 3 0
2 3 3 8
3 3 3 112
0 3 3 17
1 3 5 0
2 3 5 8
3 3 5 116
0 3 5 19
1 3 6 0
2 3 6 8
3 3 6 120
0 3 6 21
1 4 3 0
2 4 3 8
3 4 3 128
0 4 3 25
1 4 5 0
2 4 5 8
3 4 5 132
0 4 5 27
1 4 6 0
2 4 6 8
3 4 6 136
0 4 6 29
1 5 3 0
2 5 3 8
3 5 3 144
0 5 3 33
1 5 5 0
2 5 5 8
3 5 5 148
0 5 5 35
1 5 6 0
2 5 6 8
3 5 6 152
0 5 6 37
1 6 3 0
2 6 3 8
3 6 3 160
0 6 3 41
1 6 5 0
2 6 5 8
3 6 5 164
0 6 5 43
1 6 6 0
2 6 6 8
3 6 6 168
0 6 6 45
1 7 3 0
2 7 3 8
3 7 3 176
0 7 3 49
1 7 5 0
2 7 5 8
3 7 5 180
0 7 5 51
1 7 6 0
2 7 6 8
3 7 6 184
0 7 6 53
