1 2 2 -56
2 2 2 8
3 2 2 96
0 2 2 9
1 2 4 -56
2 2 4 8
3 2 4 100
0 2 4 11
1 2 6 -56
2 2 6 8
3 2 6 104
0 2 6 13
1 3 2 -56
2 3 2 8
3 3 2 112
0 3 2 17
1 3 4 -56
2 3 4 8
3 3 4 116
0 3 4 19
1 3 6 -56
2 3 6 8
3 3 6 120
0 3 6 21
1 4 2 -56
2 4 2 8
3 4 2 128
0 4 2 25
1 4 4 -56
2 4 4 8
3 4 4 132
0 4 4 27
1 4 6 -56
2 4 6 8
3 4 6 136
0 4 6 29
1 5 2 -56
2 5 2 8
3 5 2 144
0 5 2 33
1 5 4 -56
2 5 4 8
3 5 4 148
0 5 4 35
1 5 6 -56
2 5 6 8
3 5 6 152
0 5 6 37
1 6 2 -56
2 6 2 8
3 6 2 160
0 6 2 41
1 6 4 -56
2 6 4 8
3 6 4 164
0 6 4 43
1 6 6 -56
2 6 6 8
3 6 6 168
0 6 6 45
1 7 2 -56
2 7 2 8
3 7 2 176
0 7 2 49
1 7 4 -56
2 7 4 8
3 7 4 180
0 7 4 51
1 7 6 -56
2 7 6 8
3 7 6 184
0 7 6 53
